at_ms,qid
224,test
